{
 "cells": [
  {
   "cell_type": "code",
   "execution_count": 6,
   "metadata": {},
   "outputs": [],
   "source": [
    "#torch\n",
    "import torch\n",
    "import torch.nn as nn\n",
    "import torch.nn.functional as F\n",
    "from torch.utils.data import Dataset, DataLoader\n",
    "from torch import optim\n",
    "\n",
    "import numpy as np\n",
    "import pandas as pd\n",
    "from model.Crossformer import *\n",
    "import matplotlib.pyplot as plt\n",
    "import seaborn as sns\n",
    "import matplotlib.pyplot as plt"
   ]
  },
  {
   "cell_type": "code",
   "execution_count": 7,
   "metadata": {},
   "outputs": [],
   "source": [
    "\n",
    "#DATASET \n",
    "ROOT_PATH = \"data/DatasetClusters/fishes/fish02/\"\n",
    "DATA_PATH = \"fish_02_pairs.csv\"\n",
    "#Device\n",
    "DEVICE   = torch.device(\"cuda\" if torch.cuda.is_available() else \"cpu\")\n",
    "\n"
   ]
  },
  {
   "cell_type": "code",
   "execution_count": 8,
   "metadata": {},
   "outputs": [
    {
     "name": "stdout",
     "output_type": "stream",
     "text": [
      "1\n",
      "0 1031\n",
      "1\n"
     ]
    }
   ],
   "source": [
    "\n",
    "## Sim input \n",
    "stride = 50\n",
    "in_len = 1031\n",
    "out_len = 1031\n",
    "\n",
    "index = ((1031 - in_len) // stride) + 1\n",
    "print(index)\n",
    "j = 0\n",
    "for i in range(0,index,1):\n",
    "    s_begin = i * stride\n",
    "    s_end = s_begin + in_len\n",
    "    r_begin = s_end\n",
    "    r_end = r_begin + out_len\n",
    "    #r_begin = s_begin\n",
    "    #r_end = r_begin + self.out_len\n",
    "    r_begin = s_begin\n",
    "    r_end = r_begin + out_len\n",
    "\n",
    "\n",
    "    j+=1\n",
    "    print(s_begin,s_end)\n",
    "    print(j)"
   ]
  },
  {
   "cell_type": "code",
   "execution_count": 9,
   "metadata": {},
   "outputs": [
    {
     "data": {
      "text/plain": [
       "['-4-patch',\n",
       " '-3-patch',\n",
       " '-2-patch',\n",
       " '-1-patch',\n",
       " 'synch',\n",
       " '1-patch',\n",
       " '2-patch',\n",
       " '3-patch',\n",
       " '4-patch']"
      ]
     },
     "execution_count": 9,
     "metadata": {},
     "output_type": "execute_result"
    }
   ],
   "source": [
    "def generate_patch_list(n):\n",
    "    # Create the negative patches\n",
    "    neg_patches = [f\"-{i}-patch\" for i in range(n, 0, -1)]\n",
    "    # The 'synch' entry\n",
    "    synch = ['synch']\n",
    "    # Create the positive patches\n",
    "    pos_patches = [f\"{i}-patch\" for i in range(1, n+1)]\n",
    "    # Combine all parts into the final list\n",
    "    return neg_patches + synch + pos_patches\n",
    "\n",
    "final_list_order = generate_patch_list(4)\n",
    "\n",
    "final_list_order\n",
    "#final_list_order = ['-4-patch','-3-patch', '-2-patch', '-1-patch', 'synch', '1-patch', '2-patch', '3-patch','4-patch']\n"
   ]
  },
  {
   "cell_type": "markdown",
   "metadata": {},
   "source": [
    "## Load model"
   ]
  },
  {
   "cell_type": "code",
   "execution_count": 10,
   "metadata": {},
   "outputs": [],
   "source": [
    "\n",
    "#model = torch.load(\"hpc_model/model_1_head_25_strid_win_1_layer_1_recon.pth\", map_location=torch.device('cpu'))\n",
    "model = torch.load(\"hpc_model/REC_FULL.pth\", map_location=torch.device('cpu'))\n",
    "#pair = 6\n",
    "#model = torch.load(f\"hpc_model/pairswise/model_pair_{pair}.pth\", map_location=torch.device('cpu'))"
   ]
  },
  {
   "cell_type": "markdown",
   "metadata": {},
   "source": [
    "### Load attentions"
   ]
  },
  {
   "cell_type": "code",
   "execution_count": 11,
   "metadata": {},
   "outputs": [
    {
     "data": {
      "text/plain": [
       "384"
      ]
     },
     "execution_count": 11,
     "metadata": {},
     "output_type": "execute_result"
    }
   ],
   "source": [
    "tsa_layer = model.encoder.encode_blocks[0].encode_layers[0]\n",
    "tsa_layer_weights = tsa_layer.get_attn()\n",
    "decoder = model.decoder.decode_layers[0]\n",
    "dec_attn=decoder.get_attn()\n",
    "len(tsa_layer_weights)"
   ]
  },
  {
   "cell_type": "markdown",
   "metadata": {},
   "source": [
    "## Group by pair"
   ]
  },
  {
   "cell_type": "code",
   "execution_count": 12,
   "metadata": {},
   "outputs": [],
   "source": [
    "def organize_by_pair_index(weights):\n",
    "    organized = {}  # Dictionary to store the lists organized by 'pair_index'\n",
    "    \n",
    "    for item in weights:\n",
    "        index = item['pair_index']  # Get the 'pair_index' from the dictionary\n",
    "        \n",
    "        # Check if the 'pair_index' is already a key in the organized dictionary\n",
    "        if index not in organized:\n",
    "            organized[index] = []  # If not, create a new list for this 'pair_index'\n",
    "        \n",
    "        # Append the current item to the list corresponding to its 'pair_index'\n",
    "        organized[index].append(item)\n",
    "    \n",
    "    return organized\n",
    "\n"
   ]
  },
  {
   "cell_type": "code",
   "execution_count": 13,
   "metadata": {},
   "outputs": [
    {
     "data": {
      "text/plain": [
       "[{'pair_index': 0,\n",
       "  'att-A-B': tensor([[[[6.6835e-02, 2.0231e-01, 3.6320e-01, 3.4660e-01, 2.1058e-02],\n",
       "            [9.3314e-02, 2.4441e-01, 3.6198e-01, 2.6745e-01, 3.2848e-02],\n",
       "            [2.0485e-01, 1.2774e-01, 1.4325e-01, 1.0350e-01, 4.2066e-01],\n",
       "            [5.7455e-02, 3.0871e-01, 4.5497e-01, 1.4368e-01, 3.5176e-02],\n",
       "            [5.2965e-02, 2.0117e-01, 3.8695e-01, 3.4050e-01, 1.8417e-02]]],\n",
       "  \n",
       "  \n",
       "          [[[1.6162e-01, 2.1170e-01, 2.4613e-01, 1.9838e-01, 1.8216e-01],\n",
       "            [1.8583e-01, 1.2323e-01, 9.0703e-02, 3.8549e-01, 2.1474e-01],\n",
       "            [7.0672e-02, 6.5883e-01, 2.5465e-01, 6.4063e-03, 9.4418e-03],\n",
       "            [1.8356e-01, 2.5260e-01, 3.2054e-01, 5.7874e-02, 1.8543e-01],\n",
       "            [4.4378e-02, 2.2505e-02, 4.7210e-02, 6.0686e-01, 2.7905e-01]]],\n",
       "  \n",
       "  \n",
       "          [[[1.7457e-01, 2.1138e-01, 1.7812e-01, 2.5702e-01, 1.7890e-01],\n",
       "            [2.4684e-01, 1.1599e-01, 5.6409e-02, 9.2467e-03, 5.7151e-01],\n",
       "            [1.2450e-01, 1.5387e-01, 1.4772e-01, 5.4756e-02, 5.1916e-01],\n",
       "            [4.2409e-02, 2.3072e-01, 2.5585e-01, 4.2142e-01, 4.9600e-02],\n",
       "            [7.4460e-02, 2.7100e-02, 4.6023e-03, 3.1947e-04, 8.9352e-01]]],\n",
       "  \n",
       "  \n",
       "          [[[9.5019e-03, 2.0530e-02, 3.3007e-02, 1.7019e-01, 7.6677e-01],\n",
       "            [3.7974e-01, 2.3245e-01, 3.0966e-01, 6.3501e-02, 1.4652e-02],\n",
       "            [1.7606e-01, 1.4250e-01, 1.1577e-01, 1.3395e-01, 4.3173e-01],\n",
       "            [1.2226e-03, 1.2553e-03, 1.6182e-03, 2.1426e-02, 9.7448e-01],\n",
       "            [2.0024e-03, 1.7663e-03, 3.0047e-03, 5.6321e-02, 9.3691e-01]]],\n",
       "  \n",
       "  \n",
       "          [[[3.3777e-01, 2.6477e-01, 1.3524e-01, 1.6712e-01, 9.5093e-02],\n",
       "            [3.3013e-02, 2.6388e-01, 3.3045e-01, 1.4540e-01, 2.2726e-01],\n",
       "            [3.5910e-04, 3.3358e-02, 1.6784e-01, 7.0791e-02, 7.2765e-01],\n",
       "            [1.9257e-03, 4.4535e-02, 1.5202e-01, 5.6845e-02, 7.4467e-01],\n",
       "            [6.2240e-03, 1.2645e-01, 2.8232e-01, 1.9819e-01, 3.8682e-01]]],\n",
       "  \n",
       "  \n",
       "          [[[1.2569e-02, 8.8315e-02, 1.0488e-02, 3.1513e-02, 8.5712e-01],\n",
       "            [1.1429e-02, 1.6413e-02, 4.2421e-03, 8.7631e-03, 9.5915e-01],\n",
       "            [2.0617e-02, 1.0644e-02, 4.1838e-03, 8.8484e-03, 9.5571e-01],\n",
       "            [2.5384e-02, 4.3247e-02, 1.7077e-02, 1.3684e-02, 9.0061e-01],\n",
       "            [1.3175e-01, 2.3571e-01, 1.3412e-01, 1.5542e-01, 3.4299e-01]]],\n",
       "  \n",
       "  \n",
       "          [[[1.8780e-02, 3.4059e-02, 1.2674e-01, 8.0791e-01, 1.2514e-02],\n",
       "            [6.2557e-02, 6.5447e-02, 2.9089e-01, 5.5265e-01, 2.8457e-02],\n",
       "            [7.0651e-02, 9.9934e-02, 2.0252e-01, 5.6410e-01, 6.2800e-02],\n",
       "            [1.1984e-01, 3.0652e-01, 2.3822e-01, 2.1476e-01, 1.2066e-01],\n",
       "            [1.2647e-01, 1.8008e-01, 2.2719e-01, 3.5909e-01, 1.0717e-01]]],\n",
       "  \n",
       "  \n",
       "          [[[3.5881e-03, 7.8502e-01, 1.5939e-01, 1.7414e-02, 3.4591e-02],\n",
       "            [7.5236e-02, 4.3789e-01, 3.9921e-01, 4.5393e-02, 4.2273e-02],\n",
       "            [9.9975e-03, 7.7229e-01, 1.7076e-01, 1.0278e-02, 3.6683e-02],\n",
       "            [2.0561e-01, 9.6055e-02, 2.7639e-01, 7.4403e-02, 3.4754e-01],\n",
       "            [5.1287e-01, 1.4859e-02, 6.6218e-02, 3.0827e-01, 9.7786e-02]]],\n",
       "  \n",
       "  \n",
       "          [[[2.2948e-01, 1.9554e-01, 2.0422e-01, 9.8797e-02, 2.7197e-01],\n",
       "            [4.0466e-01, 2.0715e-01, 2.2009e-01, 5.7146e-02, 1.1096e-01],\n",
       "            [1.1432e-01, 2.4721e-01, 1.1430e-01, 2.3330e-01, 2.9086e-01],\n",
       "            [3.0398e-02, 3.5406e-01, 8.9735e-02, 3.6817e-01, 1.5763e-01],\n",
       "            [5.4132e-02, 1.7372e-01, 9.7209e-02, 5.9601e-01, 7.8937e-02]]],\n",
       "  \n",
       "  \n",
       "          [[[5.6463e-02, 3.7648e-01, 1.4428e-01, 2.4868e-01, 1.7409e-01],\n",
       "            [3.4720e-01, 6.1251e-02, 3.9095e-01, 1.1655e-01, 8.4047e-02],\n",
       "            [2.4038e-01, 1.0704e-01, 3.1692e-01, 1.9936e-01, 1.3630e-01],\n",
       "            [2.8861e-01, 1.0867e-01, 3.3333e-01, 6.5302e-02, 2.0408e-01],\n",
       "            [3.0771e-01, 4.5378e-02, 3.2574e-01, 1.9533e-01, 1.2585e-01]]],\n",
       "  \n",
       "  \n",
       "          [[[8.3231e-02, 1.9753e-01, 1.0127e-01, 2.3507e-01, 3.8289e-01],\n",
       "            [2.1708e-01, 1.7084e-01, 1.9166e-01, 2.5344e-01, 1.6698e-01],\n",
       "            [1.3031e-01, 2.4745e-01, 1.5209e-01, 1.2132e-01, 3.4882e-01],\n",
       "            [9.6152e-02, 1.3910e-01, 3.1149e-02, 1.2601e-01, 6.0759e-01],\n",
       "            [1.4929e-01, 1.6042e-01, 7.3369e-02, 3.1772e-01, 2.9920e-01]]],\n",
       "  \n",
       "  \n",
       "          [[[1.5660e-01, 1.0873e-01, 3.4904e-01, 3.1078e-01, 7.4860e-02],\n",
       "            [2.2293e-01, 8.5971e-02, 4.6833e-01, 1.9043e-01, 3.2332e-02],\n",
       "            [2.7102e-01, 9.0418e-02, 2.6993e-01, 2.8813e-01, 8.0505e-02],\n",
       "            [2.2291e-01, 1.4016e-01, 4.0516e-01, 1.5262e-01, 7.9154e-02],\n",
       "            [1.9582e-01, 1.6868e-01, 2.5454e-01, 2.2983e-01, 1.5113e-01]]],\n",
       "  \n",
       "  \n",
       "          [[[1.4291e-01, 2.6538e-01, 1.6554e-01, 1.5326e-01, 2.7291e-01],\n",
       "            [9.7476e-02, 4.7977e-01, 1.2984e-01, 4.1034e-02, 2.5188e-01],\n",
       "            [1.9436e-01, 1.8987e-01, 2.4478e-01, 1.7431e-01, 1.9668e-01],\n",
       "            [7.0818e-02, 3.7277e-01, 7.5728e-02, 2.5191e-02, 4.5549e-01],\n",
       "            [1.1011e-01, 3.7890e-01, 1.6124e-01, 6.9653e-02, 2.8010e-01]]],\n",
       "  \n",
       "  \n",
       "          [[[2.4055e-01, 1.7396e-01, 8.9046e-02, 4.1022e-01, 8.6219e-02],\n",
       "            [1.4945e-01, 3.2041e-01, 2.2320e-01, 1.5382e-01, 1.5313e-01],\n",
       "            [5.4502e-01, 6.4391e-02, 1.0603e-01, 2.2244e-01, 6.2123e-02],\n",
       "            [6.4809e-01, 7.1298e-02, 6.0749e-02, 1.9162e-01, 2.8246e-02],\n",
       "            [4.5782e-01, 1.1088e-01, 6.7678e-02, 3.3644e-01, 2.7189e-02]]],\n",
       "  \n",
       "  \n",
       "          [[[6.1245e-02, 2.8979e-02, 7.9319e-02, 2.3033e-01, 6.0013e-01],\n",
       "            [1.1563e-01, 4.7692e-01, 3.6083e-01, 4.3519e-02, 3.0934e-03],\n",
       "            [1.9803e-01, 3.4710e-01, 3.1438e-01, 9.2568e-02, 4.7918e-02],\n",
       "            [1.4485e-01, 2.6412e-01, 2.6849e-01, 1.2567e-01, 1.9687e-01],\n",
       "            [1.9980e-01, 2.6765e-01, 1.5387e-01, 2.4295e-01, 1.3572e-01]]],\n",
       "  \n",
       "  \n",
       "          [[[2.3499e-01, 3.9898e-01, 1.4002e-01, 1.7124e-01, 5.4768e-02],\n",
       "            [8.9107e-01, 9.0469e-02, 1.2189e-02, 5.3714e-03, 8.9960e-04],\n",
       "            [1.7461e-03, 3.1471e-02, 2.0911e-01, 1.7769e-01, 5.7999e-01],\n",
       "            [7.5440e-01, 1.7360e-01, 4.0951e-02, 1.1627e-02, 1.9416e-02],\n",
       "            [9.2608e-01, 7.0248e-02, 1.9329e-03, 1.4989e-03, 2.4291e-04]]],\n",
       "  \n",
       "  \n",
       "          [[[2.4560e-01, 1.2879e-01, 6.8032e-02, 2.8790e-01, 2.6969e-01],\n",
       "            [5.2160e-02, 2.7319e-01, 5.5698e-01, 6.1410e-02, 5.6257e-02],\n",
       "            [2.8778e-01, 1.1980e-01, 5.4838e-02, 1.6198e-01, 3.7561e-01],\n",
       "            [4.4528e-01, 3.8827e-02, 1.0103e-02, 1.3895e-01, 3.6684e-01],\n",
       "            [3.0126e-01, 1.5154e-01, 7.9615e-02, 2.4474e-01, 2.2284e-01]]],\n",
       "  \n",
       "  \n",
       "          [[[1.2283e-01, 5.1930e-01, 4.4997e-02, 1.9941e-01, 1.1346e-01],\n",
       "            [8.8926e-02, 8.5801e-03, 7.5832e-01, 5.7003e-02, 8.7172e-02],\n",
       "            [8.5979e-02, 8.2657e-02, 5.3528e-01, 1.0253e-01, 1.9355e-01],\n",
       "            [8.7963e-02, 1.7514e-01, 3.5106e-01, 1.1726e-01, 2.6858e-01],\n",
       "            [1.3249e-01, 1.3564e-01, 3.8900e-01, 1.7124e-01, 1.7163e-01]]],\n",
       "  \n",
       "  \n",
       "          [[[4.2650e-03, 8.0473e-01, 5.6585e-02, 1.1477e-01, 1.9641e-02],\n",
       "            [9.2732e-02, 4.4611e-01, 2.3814e-01, 1.6133e-01, 6.1680e-02],\n",
       "            [2.7478e-01, 9.0468e-02, 2.2019e-01, 1.1889e-01, 2.9567e-01],\n",
       "            [7.3920e-02, 4.6565e-01, 1.3143e-01, 1.3172e-01, 1.9727e-01],\n",
       "            [8.8279e-03, 7.7794e-01, 7.2353e-02, 1.2154e-01, 1.9334e-02]]],\n",
       "  \n",
       "  \n",
       "          [[[2.0825e-01, 1.8372e-01, 1.8182e-01, 2.5030e-01, 1.7591e-01],\n",
       "            [1.1498e-01, 1.8963e-01, 2.9129e-01, 2.1862e-01, 1.8548e-01],\n",
       "            [2.0778e-01, 2.1308e-01, 2.1066e-01, 1.2493e-01, 2.4355e-01],\n",
       "            [4.3399e-01, 2.0012e-01, 2.0528e-01, 5.2026e-02, 1.0858e-01],\n",
       "            [7.5422e-01, 6.6386e-02, 1.2027e-01, 4.2054e-02, 1.7068e-02]]],\n",
       "  \n",
       "  \n",
       "          [[[1.0721e-01, 1.9724e-01, 2.4253e-01, 2.6746e-01, 1.8556e-01],\n",
       "            [3.5964e-01, 9.3849e-02, 2.8902e-01, 1.2228e-01, 1.3521e-01],\n",
       "            [2.0903e-01, 1.7209e-01, 2.1284e-01, 1.6240e-01, 2.4365e-01],\n",
       "            [2.9012e-01, 1.6491e-01, 2.3579e-01, 3.8045e-02, 2.7113e-01],\n",
       "            [1.9365e-01, 2.5236e-01, 3.1372e-01, 8.5167e-02, 1.5510e-01]]],\n",
       "  \n",
       "  \n",
       "          [[[1.5988e-01, 2.5494e-01, 1.4649e-01, 4.0185e-01, 3.6838e-02],\n",
       "            [2.4065e-01, 1.6738e-01, 2.6213e-01, 3.1577e-01, 1.4072e-02],\n",
       "            [1.8516e-01, 2.7890e-01, 1.6712e-01, 3.2268e-01, 4.6138e-02],\n",
       "            [1.9634e-01, 3.9902e-01, 1.5427e-01, 1.8238e-01, 6.7982e-02],\n",
       "            [2.0360e-01, 2.4577e-01, 1.2057e-01, 4.0708e-01, 2.2974e-02]]],\n",
       "  \n",
       "  \n",
       "          [[[2.1056e-01, 1.6783e-01, 1.2206e-01, 1.4035e-02, 4.8551e-01],\n",
       "            [2.1968e-01, 1.7758e-01, 9.5410e-02, 1.0985e-02, 4.9635e-01],\n",
       "            [2.1043e-01, 1.6960e-01, 2.1782e-01, 1.7998e-01, 2.2216e-01],\n",
       "            [1.1602e-01, 1.9330e-01, 7.9806e-02, 1.7537e-02, 5.9334e-01],\n",
       "            [2.2957e-01, 1.9008e-01, 1.7242e-01, 8.3664e-02, 3.2426e-01]]],\n",
       "  \n",
       "  \n",
       "          [[[1.5180e-01, 1.0638e-01, 5.3904e-02, 4.8789e-01, 2.0003e-01],\n",
       "            [2.3628e-01, 4.6799e-02, 7.4666e-02, 5.5748e-01, 8.4770e-02],\n",
       "            [2.3758e-01, 1.5965e-01, 2.4355e-01, 1.7663e-01, 1.8259e-01],\n",
       "            [1.5902e-01, 1.5026e-01, 9.2543e-02, 1.9783e-01, 4.0034e-01],\n",
       "            [3.8062e-02, 1.2728e-03, 2.1826e-03, 9.2606e-01, 3.2428e-02]]],\n",
       "  \n",
       "  \n",
       "          [[[3.8845e-02, 6.0107e-02, 7.1926e-01, 1.3212e-01, 4.9665e-02],\n",
       "            [3.5291e-02, 4.8440e-02, 8.1065e-01, 8.6475e-02, 1.9142e-02],\n",
       "            [3.6203e-01, 2.1826e-01, 2.9900e-02, 4.9442e-02, 3.4037e-01],\n",
       "            [4.6172e-05, 5.1552e-04, 9.9573e-01, 3.6002e-03, 1.0334e-04],\n",
       "            [9.0110e-02, 1.1728e-01, 5.3061e-01, 1.8170e-01, 8.0297e-02]]],\n",
       "  \n",
       "  \n",
       "          [[[1.0453e-01, 2.9310e-01, 1.8728e-01, 2.6984e-01, 1.4524e-01],\n",
       "            [2.3786e-01, 2.4925e-01, 1.6289e-01, 1.9344e-01, 1.5656e-01],\n",
       "            [8.7438e-02, 8.2243e-01, 5.8548e-02, 1.1250e-02, 2.0333e-02],\n",
       "            [9.3900e-02, 3.5894e-01, 2.2788e-01, 1.1620e-01, 2.0307e-01],\n",
       "            [3.3030e-02, 4.7902e-03, 2.4031e-01, 4.8283e-01, 2.3905e-01]]],\n",
       "  \n",
       "  \n",
       "          [[[1.8908e-01, 1.3017e-01, 1.1034e-01, 3.3629e-01, 2.3412e-01],\n",
       "            [5.0288e-01, 2.1706e-01, 4.5034e-02, 1.4119e-01, 9.3836e-02],\n",
       "            [1.7051e-02, 1.4640e-01, 7.9810e-01, 1.0379e-02, 2.8074e-02],\n",
       "            [2.3002e-02, 1.4009e-01, 6.7339e-01, 3.3824e-02, 1.2970e-01],\n",
       "            [6.0315e-01, 5.5507e-02, 3.9535e-03, 1.9985e-01, 1.3754e-01]]],\n",
       "  \n",
       "  \n",
       "          [[[1.1194e-01, 1.4077e-01, 1.9112e-01, 3.2056e-01, 2.3560e-01],\n",
       "            [2.5852e-01, 7.2933e-01, 2.3883e-03, 8.8513e-03, 9.0945e-04],\n",
       "            [3.7999e-01, 5.5708e-01, 2.3711e-02, 1.9708e-02, 1.9512e-02],\n",
       "            [5.3776e-04, 3.3182e-04, 2.8983e-01, 3.0094e-02, 6.7921e-01],\n",
       "            [1.0814e-03, 4.9646e-04, 3.5757e-01, 8.9759e-02, 5.5109e-01]]],\n",
       "  \n",
       "  \n",
       "          [[[9.3925e-01, 1.9856e-03, 4.8010e-02, 3.4603e-03, 7.2974e-03],\n",
       "            [5.4373e-02, 2.3250e-01, 1.5600e-01, 3.1619e-01, 2.4095e-01],\n",
       "            [2.3227e-03, 4.1876e-01, 3.2796e-02, 3.2800e-01, 2.1812e-01],\n",
       "            [5.9829e-04, 5.6783e-01, 2.7314e-02, 2.4291e-01, 1.6135e-01],\n",
       "            [2.9469e-04, 4.4193e-01, 2.0558e-02, 4.8387e-01, 5.3351e-02]]],\n",
       "  \n",
       "  \n",
       "          [[[1.7463e-01, 3.1585e-02, 1.0101e-01, 2.7137e-01, 4.2142e-01],\n",
       "            [1.9137e-01, 1.0796e-02, 9.4674e-02, 2.7986e-01, 4.2331e-01],\n",
       "            [1.4243e-01, 1.9104e-02, 1.1406e-01, 1.7625e-01, 5.4816e-01],\n",
       "            [6.1306e-02, 5.6315e-03, 4.2556e-02, 6.5252e-02, 8.2525e-01],\n",
       "            [1.0361e-01, 2.0682e-03, 3.6096e-02, 2.4467e-01, 6.1355e-01]]],\n",
       "  \n",
       "  \n",
       "          [[[8.7959e-02, 6.6840e-02, 1.8135e-01, 6.1657e-01, 4.7282e-02],\n",
       "            [2.3717e-01, 5.8655e-02, 2.3934e-01, 4.3249e-01, 3.2342e-02],\n",
       "            [2.5803e-01, 3.7329e-02, 1.2552e-01, 5.4135e-01, 3.7780e-02],\n",
       "            [9.2479e-02, 7.8186e-02, 1.6883e-01, 6.2919e-01, 3.1318e-02],\n",
       "            [1.1975e-01, 1.1564e-01, 2.5002e-01, 4.2607e-01, 8.8530e-02]]],\n",
       "  \n",
       "  \n",
       "          [[[1.0895e-01, 1.8694e-01, 1.7984e-01, 1.8478e-01, 3.3950e-01],\n",
       "            [2.2549e-01, 2.1435e-01, 1.3868e-01, 1.8874e-01, 2.3274e-01],\n",
       "            [2.3435e-01, 1.9042e-01, 1.8455e-01, 1.0662e-01, 2.8406e-01],\n",
       "            [1.4027e-01, 2.9355e-01, 1.3865e-01, 8.4568e-02, 3.4296e-01],\n",
       "            [1.6585e-01, 1.7648e-01, 2.3666e-01, 2.3711e-01, 1.8390e-01]]],\n",
       "  \n",
       "  \n",
       "          [[[6.3654e-01, 1.0557e-02, 6.6487e-02, 4.8356e-02, 2.3806e-01],\n",
       "            [4.9700e-01, 5.3160e-02, 2.0907e-01, 1.2948e-01, 1.1129e-01],\n",
       "            [1.3579e-01, 2.9107e-01, 1.8338e-01, 2.9538e-01, 9.4382e-02],\n",
       "            [2.1389e-01, 1.3566e-01, 1.4043e-01, 4.3565e-02, 4.6645e-01],\n",
       "            [7.3515e-01, 7.8916e-03, 4.8273e-02, 2.9274e-02, 1.7941e-01]]],\n",
       "  \n",
       "  \n",
       "          [[[1.0346e-01, 1.6407e-01, 1.7207e-01, 3.4769e-01, 2.1271e-01],\n",
       "            [1.5879e-01, 1.6996e-01, 5.6852e-01, 5.4596e-02, 4.8131e-02],\n",
       "            [5.3968e-02, 8.4749e-02, 5.4847e-02, 3.6090e-01, 4.4554e-01],\n",
       "            [3.2849e-03, 7.5647e-03, 5.5671e-04, 7.1142e-01, 2.7718e-01],\n",
       "            [2.2904e-02, 3.5173e-02, 1.7453e-02, 7.0723e-01, 2.1724e-01]]],\n",
       "  \n",
       "  \n",
       "          [[[4.0966e-02, 7.6589e-01, 4.6282e-02, 5.3243e-02, 9.3616e-02],\n",
       "            [7.9947e-02, 2.2019e-03, 4.7629e-01, 4.2667e-01, 1.4896e-02],\n",
       "            [6.6334e-02, 7.2017e-04, 4.8750e-01, 4.2872e-01, 1.6727e-02],\n",
       "            [9.7531e-02, 1.2654e-02, 4.9103e-01, 3.2918e-01, 6.9609e-02],\n",
       "            [9.9727e-02, 3.8508e-03, 3.9127e-01, 4.7734e-01, 2.7814e-02]]],\n",
       "  \n",
       "  \n",
       "          [[[5.4471e-03, 4.2227e-01, 1.0109e-01, 1.4681e-01, 3.2438e-01],\n",
       "            [4.6339e-03, 6.1760e-01, 8.6064e-02, 1.0086e-01, 1.9084e-01],\n",
       "            [4.0380e-02, 2.7275e-01, 2.9725e-01, 1.1717e-01, 2.7244e-01],\n",
       "            [8.0347e-03, 3.9313e-01, 9.9238e-02, 6.0781e-02, 4.3882e-01],\n",
       "            [5.8934e-03, 4.4672e-01, 1.1473e-01, 1.1691e-01, 3.1575e-01]]],\n",
       "  \n",
       "  \n",
       "          [[[2.4805e-01, 1.5935e-01, 2.1965e-01, 3.6877e-01, 4.1802e-03],\n",
       "            [3.1385e-01, 8.5771e-02, 2.7321e-01, 3.2349e-01, 3.6780e-03],\n",
       "            [2.8020e-01, 1.4501e-01, 2.5815e-01, 2.8230e-01, 3.4333e-02],\n",
       "            [3.6359e-01, 5.9315e-02, 1.7837e-01, 3.9811e-01, 6.0515e-04],\n",
       "            [2.7170e-01, 7.1274e-02, 2.1092e-01, 4.4468e-01, 1.4247e-03]]],\n",
       "  \n",
       "  \n",
       "          [[[8.8167e-02, 3.3338e-01, 3.5246e-01, 4.1358e-02, 1.8463e-01],\n",
       "            [3.5996e-02, 3.7358e-01, 5.4232e-01, 4.7610e-03, 4.3342e-02],\n",
       "            [3.5154e-02, 2.8174e-01, 5.7598e-01, 1.7211e-03, 1.0540e-01],\n",
       "            [2.0314e-02, 3.5530e-01, 5.0655e-01, 1.1476e-03, 1.1669e-01],\n",
       "            [1.1756e-01, 1.0068e-01, 7.1210e-02, 5.1511e-01, 1.9544e-01]]]]),\n",
       "  'att-B-A': tensor([[[[5.2415e-02, 9.4149e-02, 7.4387e-01, 5.5140e-02, 5.4428e-02],\n",
       "            [1.1563e-01, 1.7972e-01, 3.3806e-01, 2.1592e-01, 1.5066e-01],\n",
       "            [1.4210e-01, 1.8220e-01, 2.5950e-01, 2.1783e-01, 1.9837e-01],\n",
       "            [1.9343e-01, 1.9202e-01, 2.6744e-01, 9.8124e-02, 2.4899e-01],\n",
       "            [1.0133e-02, 2.0334e-02, 9.3721e-01, 2.0712e-02, 1.1612e-02]]],\n",
       "  \n",
       "  \n",
       "          [[[7.7961e-02, 3.8892e-01, 6.1022e-03, 6.3693e-02, 4.6332e-01],\n",
       "            [1.3808e-01, 3.4875e-01, 7.6923e-02, 1.1852e-01, 3.1772e-01],\n",
       "            [1.2703e-01, 2.0310e-01, 2.3525e-02, 1.1900e-01, 5.2735e-01],\n",
       "            [1.3183e-02, 1.1114e-01, 7.6203e-05, 2.7665e-03, 8.7283e-01],\n",
       "            [2.4992e-02, 1.2783e-01, 2.3188e-04, 1.8301e-02, 8.2865e-01]]],\n",
       "  \n",
       "  \n",
       "          [[[2.9094e-01, 7.3412e-02, 1.7263e-01, 4.4156e-01, 2.1462e-02],\n",
       "            [1.1703e-01, 1.1460e-02, 7.0873e-02, 7.9804e-01, 2.5950e-03],\n",
       "            [9.3242e-02, 5.2694e-03, 6.4332e-02, 8.3674e-01, 4.1667e-04],\n",
       "            [8.7510e-02, 5.6181e-04, 1.5510e-02, 8.9640e-01, 1.8812e-05],\n",
       "            [1.5197e-01, 8.6634e-02, 3.6690e-01, 2.6323e-01, 1.3127e-01]]],\n",
       "  \n",
       "  \n",
       "          [[[1.7916e-03, 9.2894e-01, 6.8530e-02, 3.3676e-04, 4.0511e-04],\n",
       "            [6.1572e-03, 9.0450e-01, 8.8229e-02, 5.4998e-04, 5.6842e-04],\n",
       "            [7.6846e-03, 9.3537e-01, 5.5642e-02, 5.5035e-04, 7.5064e-04],\n",
       "            [1.2493e-01, 6.0476e-01, 2.0298e-01, 2.2975e-02, 4.4361e-02],\n",
       "            [1.7928e-01, 4.4447e-02, 2.0839e-01, 3.3283e-01, 2.3505e-01]]],\n",
       "  \n",
       "  \n",
       "          [[[9.8120e-01, 1.6014e-02, 1.0712e-04, 8.2397e-04, 1.8572e-03],\n",
       "            [7.9796e-01, 1.3280e-01, 1.0324e-02, 1.9770e-02, 3.9147e-02],\n",
       "            [5.2207e-01, 2.1301e-01, 6.6535e-02, 8.6439e-02, 1.1194e-01],\n",
       "            [7.3492e-01, 1.0677e-01, 3.1968e-02, 3.6820e-02, 8.9521e-02],\n",
       "            [2.6623e-01, 1.0624e-01, 2.0920e-01, 3.0708e-01, 1.1124e-01]]],\n",
       "  \n",
       "  \n",
       "          [[[9.6133e-02, 1.2930e-01, 2.4389e-01, 1.9979e-01, 3.3089e-01],\n",
       "            [3.5192e-01, 9.6736e-02, 6.5597e-02, 1.7733e-01, 3.0841e-01],\n",
       "            [1.2361e-01, 7.3952e-02, 7.6264e-02, 2.0711e-01, 5.1906e-01],\n",
       "            [2.5564e-01, 1.0514e-01, 1.1101e-01, 1.1422e-01, 4.1398e-01],\n",
       "            [1.7882e-01, 2.9598e-01, 3.0837e-01, 1.9334e-01, 2.3496e-02]]],\n",
       "  \n",
       "  \n",
       "          [[[7.8359e-02, 1.3057e-01, 1.7531e-01, 2.5928e-01, 3.5648e-01],\n",
       "            [8.3721e-02, 8.0477e-02, 1.4608e-01, 3.9068e-01, 2.9904e-01],\n",
       "            [1.8925e-01, 2.1729e-01, 1.7984e-01, 1.8444e-01, 2.2918e-01],\n",
       "            [4.5548e-01, 1.5586e-01, 1.8912e-01, 6.2779e-02, 1.3676e-01],\n",
       "            [6.2869e-02, 7.1515e-02, 1.8762e-01, 3.1430e-01, 3.6370e-01]]],\n",
       "  \n",
       "  \n",
       "          [[[2.0332e-03, 2.1565e-02, 5.3478e-03, 1.5075e-01, 8.2031e-01],\n",
       "            [4.1278e-01, 1.1647e-01, 3.8334e-01, 6.5350e-02, 2.2054e-02],\n",
       "            [1.4938e-01, 1.8925e-01, 1.5107e-01, 3.3514e-01, 1.7517e-01],\n",
       "            [1.7131e-02, 2.2589e-02, 9.5448e-03, 9.4705e-02, 8.5603e-01],\n",
       "            [4.2376e-02, 2.6195e-02, 4.2423e-02, 5.5087e-01, 3.3814e-01]]],\n",
       "  \n",
       "  \n",
       "          [[[1.3828e-01, 1.6239e-01, 2.2237e-01, 1.8362e-01, 2.9334e-01],\n",
       "            [3.1322e-02, 2.2097e-02, 1.2782e-01, 5.6852e-01, 2.5024e-01],\n",
       "            [8.1904e-02, 5.8782e-02, 1.4797e-01, 3.6075e-01, 3.5059e-01],\n",
       "            [9.9391e-03, 3.8285e-03, 7.5759e-02, 3.7128e-01, 5.3920e-01],\n",
       "            [7.6080e-02, 2.0671e-02, 2.6264e-01, 4.4203e-01, 1.9858e-01]]],\n",
       "  \n",
       "  \n",
       "          [[[8.0325e-03, 2.4262e-01, 1.1203e-01, 2.9490e-01, 3.4241e-01],\n",
       "            [1.7401e-01, 1.3907e-01, 1.6209e-01, 3.6077e-01, 1.6407e-01],\n",
       "            [1.7934e-02, 2.3870e-01, 1.2906e-01, 2.9759e-01, 3.1671e-01],\n",
       "            [7.1640e-02, 1.6493e-01, 1.8816e-01, 1.3511e-01, 4.4016e-01],\n",
       "            [4.9974e-02, 1.1851e-01, 1.2819e-01, 4.2076e-01, 2.8257e-01]]],\n",
       "  \n",
       "  \n",
       "          [[[8.4657e-02, 1.3816e-01, 8.1938e-02, 4.6038e-01, 2.3487e-01],\n",
       "            [1.4521e-01, 7.8582e-02, 1.1246e-01, 4.8135e-01, 1.8241e-01],\n",
       "            [1.7603e-01, 2.0844e-01, 1.6343e-01, 2.5486e-01, 1.9725e-01],\n",
       "            [1.5134e-01, 1.0210e-01, 4.8285e-02, 3.8189e-01, 3.1639e-01],\n",
       "            [9.5106e-02, 2.5952e-02, 5.3563e-02, 7.1043e-01, 1.1495e-01]]],\n",
       "  \n",
       "  \n",
       "          [[[1.2832e-01, 1.9395e-01, 2.8859e-01, 3.0988e-01, 7.9264e-02],\n",
       "            [1.7025e-01, 1.4293e-01, 1.8399e-01, 3.7235e-01, 1.3047e-01],\n",
       "            [1.7364e-01, 2.4736e-01, 1.7450e-01, 3.4194e-01, 6.2551e-02],\n",
       "            [2.4667e-01, 1.6048e-01, 2.9720e-01, 2.0552e-01, 9.0116e-02],\n",
       "            [1.7708e-01, 8.1199e-02, 2.4747e-01, 3.1765e-01, 1.7660e-01]]],\n",
       "  \n",
       "  \n",
       "          [[[1.4087e-01, 2.5750e-01, 8.5180e-02, 2.7931e-01, 2.3714e-01],\n",
       "            [6.7101e-02, 3.2511e-01, 2.1346e-02, 3.7713e-01, 2.0931e-01],\n",
       "            [1.2957e-01, 2.7235e-01, 8.5186e-02, 2.3716e-01, 2.7573e-01],\n",
       "            [2.5814e-01, 1.8523e-01, 1.3054e-01, 1.6977e-01, 2.5633e-01],\n",
       "            [7.8650e-02, 1.9454e-01, 2.5202e-02, 5.2524e-01, 1.7637e-01]]],\n",
       "  \n",
       "  \n",
       "          [[[5.9739e-02, 1.3316e-02, 2.1174e-01, 5.1079e-01, 2.0441e-01],\n",
       "            [2.1338e-01, 1.4101e-01, 1.2356e-01, 2.7755e-01, 2.4451e-01],\n",
       "            [1.3710e-01, 1.2331e-01, 2.5540e-01, 2.9685e-01, 1.8734e-01],\n",
       "            [2.0244e-01, 2.7235e-02, 1.7172e-01, 3.0011e-01, 2.9849e-01],\n",
       "            [2.2877e-01, 1.4579e-01, 2.5788e-01, 2.3786e-01, 1.2970e-01]]],\n",
       "  \n",
       "  \n",
       "          [[[9.3376e-02, 2.9772e-01, 2.7724e-01, 1.4962e-01, 1.8204e-01],\n",
       "            [1.9423e-02, 5.3981e-01, 2.1362e-01, 1.1993e-01, 1.0721e-01],\n",
       "            [6.3395e-02, 4.8701e-01, 2.3072e-01, 1.4538e-01, 7.3497e-02],\n",
       "            [3.7200e-01, 1.1870e-01, 1.3728e-01, 1.3751e-01, 2.3450e-01],\n",
       "            [6.9472e-01, 6.0472e-03, 5.0935e-02, 1.5440e-01, 9.3893e-02]]],\n",
       "  \n",
       "  \n",
       "          [[[1.7141e-02, 2.2909e-01, 5.4165e-04, 1.1076e-01, 6.4247e-01],\n",
       "            [2.1345e-01, 1.7059e-01, 7.1601e-02, 1.8693e-01, 3.5743e-01],\n",
       "            [1.1936e-01, 3.6625e-02, 7.5808e-01, 7.0261e-02, 1.5672e-02],\n",
       "            [1.7411e-01, 1.9250e-02, 7.6835e-01, 2.3795e-02, 1.4495e-02],\n",
       "            [2.1344e-02, 1.2357e-03, 9.6129e-01, 1.5230e-02, 9.0038e-04]]],\n",
       "  \n",
       "  \n",
       "          [[[1.7752e-01, 1.3642e-01, 1.9737e-01, 2.6726e-01, 2.2144e-01],\n",
       "            [9.0868e-02, 6.9745e-01, 8.0201e-02, 2.2748e-02, 1.0873e-01],\n",
       "            [3.0580e-02, 9.0587e-01, 2.3389e-02, 3.7710e-03, 3.6393e-02],\n",
       "            [2.8004e-01, 2.1613e-01, 1.4950e-01, 1.1223e-01, 2.4210e-01],\n",
       "            [1.9817e-01, 1.4958e-01, 2.6189e-01, 2.2383e-01, 1.6653e-01]]],\n",
       "  \n",
       "  \n",
       "          [[[6.3474e-01, 4.1438e-02, 7.2702e-02, 1.2542e-01, 1.2570e-01],\n",
       "            [8.5576e-01, 1.2750e-03, 2.2289e-02, 7.9636e-02, 4.1040e-02],\n",
       "            [1.2186e-01, 1.8519e-01, 2.3721e-01, 2.6232e-01, 1.9343e-01],\n",
       "            [6.9938e-01, 1.8028e-02, 5.8844e-02, 1.1347e-01, 1.1027e-01],\n",
       "            [4.3874e-01, 3.0395e-02, 1.2246e-01, 2.8655e-01, 1.2185e-01]]],\n",
       "  \n",
       "  \n",
       "          [[[5.7660e-03, 6.1192e-02, 8.3097e-01, 9.1652e-02, 1.0422e-02],\n",
       "            [3.4519e-01, 9.3403e-02, 8.6805e-02, 1.8319e-01, 2.9141e-01],\n",
       "            [6.6642e-02, 1.3690e-01, 5.8008e-01, 1.4196e-01, 7.4415e-02],\n",
       "            [1.6721e-01, 1.1472e-01, 3.8744e-01, 1.7600e-01, 1.5463e-01],\n",
       "            [2.1609e-02, 3.3122e-02, 7.2765e-01, 1.9905e-01, 1.8575e-02]]],\n",
       "  \n",
       "  \n",
       "          [[[1.3366e-01, 6.2147e-02, 1.5160e-01, 2.0668e-01, 4.4590e-01],\n",
       "            [2.3102e-01, 2.0081e-01, 3.0457e-01, 1.8671e-01, 7.6891e-02],\n",
       "            [1.9558e-01, 2.6386e-01, 2.5758e-01, 1.6383e-01, 1.1916e-01],\n",
       "            [3.8287e-01, 2.8161e-01, 2.1722e-01, 5.9047e-02, 5.9251e-02],\n",
       "            [2.4943e-01, 2.2148e-01, 3.9256e-01, 1.1424e-01, 2.2291e-02]]],\n",
       "  \n",
       "  \n",
       "          [[[2.3392e-01, 1.7070e-01, 3.1801e-01, 1.3134e-01, 1.4603e-01],\n",
       "            [4.2964e-01, 4.4472e-02, 2.6138e-01, 7.4531e-02, 1.8998e-01],\n",
       "            [3.9683e-01, 1.0288e-01, 2.4283e-01, 8.0051e-02, 1.7741e-01],\n",
       "            [6.0154e-01, 5.9828e-02, 2.5468e-01, 1.7754e-02, 6.6200e-02],\n",
       "            [3.7508e-01, 5.9454e-02, 3.4340e-01, 1.1371e-01, 1.0835e-01]]],\n",
       "  \n",
       "  \n",
       "          [[[1.6610e-01, 1.4735e-01, 1.9611e-01, 2.5175e-01, 2.3869e-01],\n",
       "            [1.8110e-01, 7.0078e-02, 2.0198e-01, 3.4984e-01, 1.9701e-01],\n",
       "            [1.8361e-01, 1.9365e-01, 2.1354e-01, 2.3866e-01, 1.7054e-01],\n",
       "            [2.5093e-01, 1.1622e-01, 2.0543e-01, 1.4057e-01, 2.8686e-01],\n",
       "            [1.8236e-01, 4.1060e-02, 2.3286e-01, 4.1538e-01, 1.2834e-01]]],\n",
       "  \n",
       "  \n",
       "          [[[1.5620e-01, 1.2404e-01, 3.8566e-01, 1.2706e-01, 2.0704e-01],\n",
       "            [1.3552e-01, 1.0914e-01, 3.3833e-01, 2.3042e-01, 1.8659e-01],\n",
       "            [1.1513e-01, 6.8493e-02, 5.0756e-01, 1.1112e-01, 1.9770e-01],\n",
       "            [2.3602e-02, 1.4060e-02, 7.4776e-01, 4.3537e-02, 1.7104e-01],\n",
       "            [1.8101e-01, 1.4084e-01, 2.0462e-01, 3.2656e-01, 1.4697e-01]]],\n",
       "  \n",
       "  \n",
       "          [[[1.4823e-01, 1.8704e-01, 3.8254e-01, 1.7171e-01, 1.1047e-01],\n",
       "            [1.8420e-01, 6.5692e-02, 4.5584e-01, 2.8772e-01, 6.5512e-03],\n",
       "            [8.6263e-02, 9.6869e-02, 6.4271e-01, 1.6377e-01, 1.0382e-02],\n",
       "            [1.1609e-01, 1.0754e-01, 6.9307e-02, 5.2056e-02, 6.5500e-01],\n",
       "            [1.8037e-01, 6.1970e-02, 2.7152e-01, 3.9922e-01, 8.6920e-02]]],\n",
       "  \n",
       "  \n",
       "          [[[3.3962e-02, 3.7131e-02, 8.5550e-01, 4.1305e-04, 7.2997e-02],\n",
       "            [7.3100e-02, 7.0894e-02, 7.1743e-01, 6.4150e-03, 1.3216e-01],\n",
       "            [5.7746e-02, 7.8321e-02, 6.4883e-03, 8.1797e-01, 3.9471e-02],\n",
       "            [2.2977e-01, 1.8098e-01, 2.3240e-01, 6.4064e-02, 2.9279e-01],\n",
       "            [4.6497e-02, 2.1567e-02, 8.6129e-01, 9.8990e-04, 6.9654e-02]]],\n",
       "  \n",
       "  \n",
       "          [[[1.4309e-01, 2.3719e-01, 1.4542e-01, 1.5693e-01, 3.1737e-01],\n",
       "            [1.5064e-01, 9.3317e-02, 5.1354e-01, 2.2523e-01, 1.7281e-02],\n",
       "            [7.9964e-02, 5.0665e-02, 3.0371e-02, 1.1879e-01, 7.2021e-01],\n",
       "            [6.8222e-02, 3.5625e-02, 3.4556e-03, 3.5867e-02, 8.5683e-01],\n",
       "            [6.5722e-02, 5.1609e-02, 1.1179e-02, 1.1219e-01, 7.5930e-01]]],\n",
       "  \n",
       "  \n",
       "          [[[1.4687e-01, 2.2398e-01, 2.1159e-01, 1.3245e-01, 2.8512e-01],\n",
       "            [3.5510e-02, 3.3954e-02, 6.3803e-01, 2.8329e-01, 9.2155e-03],\n",
       "            [6.1704e-03, 1.4441e-03, 7.1308e-01, 2.7917e-01, 1.3456e-04],\n",
       "            [3.5197e-01, 8.4737e-02, 1.7355e-01, 2.6244e-01, 1.2730e-01],\n",
       "            [1.3141e-01, 3.0201e-02, 2.5175e-01, 5.3966e-01, 4.6984e-02]]],\n",
       "  \n",
       "  \n",
       "          [[[1.6427e-02, 7.6487e-01, 2.1803e-01, 2.6262e-04, 4.1289e-04],\n",
       "            [8.2679e-03, 8.6366e-01, 1.2793e-01, 6.4856e-05, 7.5866e-05],\n",
       "            [8.5826e-02, 2.1624e-02, 4.1633e-02, 4.3313e-01, 4.1779e-01],\n",
       "            [3.5235e-01, 1.9616e-01, 8.4704e-02, 1.1008e-01, 2.5670e-01],\n",
       "            [5.8542e-02, 4.5562e-03, 1.8958e-02, 5.6165e-01, 3.5629e-01]]],\n",
       "  \n",
       "  \n",
       "          [[[9.9590e-01, 3.3435e-03, 4.3518e-04, 1.8615e-04, 1.3434e-04],\n",
       "            [4.4510e-03, 3.0226e-02, 1.6587e-01, 3.7351e-01, 4.2594e-01],\n",
       "            [6.0234e-01, 1.1350e-01, 7.2706e-02, 1.0056e-01, 1.1089e-01],\n",
       "            [9.6367e-03, 5.1068e-02, 1.6141e-01, 1.9851e-01, 5.7938e-01],\n",
       "            [5.6091e-02, 1.0741e-01, 2.9625e-01, 3.6393e-01, 1.7632e-01]]],\n",
       "  \n",
       "  \n",
       "          [[[1.2395e-01, 1.9254e-01, 1.2198e-01, 2.2007e-01, 3.4146e-01],\n",
       "            [2.9240e-01, 1.4166e-01, 2.1340e-01, 2.6365e-01, 8.8891e-02],\n",
       "            [1.3367e-01, 1.7760e-01, 1.8213e-01, 2.8482e-01, 2.2178e-01],\n",
       "            [1.1564e-01, 1.6905e-01, 9.0622e-02, 1.4063e-01, 4.8407e-01],\n",
       "            [4.8412e-02, 6.8929e-02, 7.5981e-02, 4.7945e-01, 3.2723e-01]]],\n",
       "  \n",
       "  \n",
       "          [[[9.9283e-02, 1.8862e-01, 4.6831e-01, 1.7905e-01, 6.4738e-02],\n",
       "            [1.8687e-01, 1.1554e-01, 1.6781e-01, 3.7493e-01, 1.5485e-01],\n",
       "            [1.8868e-01, 1.7545e-01, 2.0998e-01, 3.0130e-01, 1.2459e-01],\n",
       "            [2.0051e-01, 9.9097e-02, 2.8307e-01, 3.5096e-01, 6.6365e-02],\n",
       "            [2.0835e-01, 1.0041e-01, 2.6768e-01, 2.3671e-01, 1.8685e-01]]],\n",
       "  \n",
       "  \n",
       "          [[[1.0879e-01, 5.8818e-01, 1.6907e-01, 8.5861e-02, 4.8097e-02],\n",
       "            [1.6756e-01, 5.0189e-01, 1.2332e-01, 1.6129e-01, 4.5940e-02],\n",
       "            [2.1689e-01, 4.3690e-01, 1.6081e-01, 1.0250e-01, 8.2894e-02],\n",
       "            [2.1104e-01, 5.6311e-01, 8.7984e-02, 5.9208e-02, 7.8651e-02],\n",
       "            [2.3970e-01, 4.2926e-01, 1.4491e-01, 1.4843e-01, 3.7709e-02]]],\n",
       "  \n",
       "  \n",
       "          [[[2.7073e-01, 2.4336e-02, 1.3072e-03, 7.9362e-03, 6.9569e-01],\n",
       "            [2.0048e-01, 1.1623e-01, 1.2511e-01, 2.2475e-01, 3.3344e-01],\n",
       "            [3.1015e-01, 1.1228e-01, 1.9362e-02, 5.7150e-02, 5.0105e-01],\n",
       "            [3.4818e-01, 1.0734e-01, 4.8139e-02, 2.7365e-02, 4.6898e-01],\n",
       "            [3.4357e-01, 1.8492e-02, 3.0831e-03, 5.8730e-02, 5.7612e-01]]],\n",
       "  \n",
       "  \n",
       "          [[[8.7271e-02, 4.5433e-02, 1.2632e-01, 4.9929e-01, 2.4168e-01],\n",
       "            [7.2596e-02, 2.5509e-02, 1.0406e-01, 6.0315e-01, 1.9468e-01],\n",
       "            [2.0589e-01, 2.3074e-01, 1.8211e-01, 1.2003e-01, 2.6123e-01],\n",
       "            [2.5120e-03, 1.3380e-04, 7.2358e-03, 9.2620e-01, 6.3919e-02],\n",
       "            [3.9296e-03, 3.0161e-04, 2.2841e-02, 9.2272e-01, 5.0205e-02]]],\n",
       "  \n",
       "  \n",
       "          [[[1.6447e-03, 2.2404e-01, 4.7607e-01, 9.8444e-02, 1.9980e-01],\n",
       "            [4.9139e-01, 9.8611e-02, 8.2598e-02, 2.0411e-01, 1.2329e-01],\n",
       "            [3.0387e-04, 2.1828e-01, 5.7217e-01, 8.1053e-02, 1.2820e-01],\n",
       "            [3.8422e-04, 2.1492e-01, 5.5307e-01, 5.9724e-02, 1.7190e-01],\n",
       "            [1.2892e-02, 1.4319e-01, 4.1178e-01, 2.4100e-01, 1.9114e-01]]],\n",
       "  \n",
       "  \n",
       "          [[[2.1731e-01, 2.2452e-01, 1.1879e-01, 2.0887e-01, 2.3052e-01],\n",
       "            [2.2383e-01, 3.9757e-01, 1.0661e-02, 1.3578e-01, 2.3216e-01],\n",
       "            [2.4980e-01, 2.5828e-01, 5.4165e-02, 1.5979e-01, 2.7796e-01],\n",
       "            [3.3970e-01, 2.8344e-01, 1.9993e-02, 9.1644e-02, 2.6523e-01],\n",
       "            [2.7683e-01, 1.9780e-01, 1.7145e-02, 2.4403e-01, 2.6420e-01]]],\n",
       "  \n",
       "  \n",
       "          [[[8.8546e-02, 7.7111e-02, 2.5827e-02, 6.2046e-01, 1.8806e-01],\n",
       "            [2.3518e-01, 8.7124e-02, 5.5260e-02, 4.1847e-01, 2.0396e-01],\n",
       "            [1.2653e-01, 1.0832e-01, 3.8397e-02, 4.9117e-01, 2.3558e-01],\n",
       "            [1.0752e-01, 6.4918e-02, 2.1253e-02, 5.5490e-01, 2.5140e-01],\n",
       "            [1.9688e-01, 1.1923e-01, 4.1753e-01, 1.3625e-01, 1.3011e-01]]],\n",
       "  \n",
       "  \n",
       "          [[[1.4970e-01, 2.1011e-01, 3.5061e-01, 2.5526e-01, 3.4322e-02],\n",
